#!/usr/bin/env python3

# imports
import sys

def inter(n):
  # mem and pointer
  str = ""
  nums = ["0","1","2","3","4","5","6","7","8","9"]
  y = 0
  mem = [0,0,0,0,0,0,0,0,0,0,0,0,0,0,0,0,0,0,0,0,0,0,0,0,0,0,0,0,0,0,0,0,0,0,0,0,0,0,0,0,0,0,0,0,0,0,0,0,0,0,0,0,0,0,0,0,0,0,0,0,0,0,0,0,0,0,0,0,0,0,0,0,0,0,0,0,0,0,0,0,0,0,0,0,0,0,0,0,0,0,0,0,0,0,0,0,0,0,0,0,0,0,0,0,0,0,0,0,0,0,0,0,0,0,0,0,0,0,0,0,0,0,0,0,0,0,0,0,0,0,0,0,0,0,0,0,0,0,0,0,0,0,0,0,0,0,0,0,0,0,0,0,0,0,0,0,0,0,0,0,0,0,0,0,0,0,0,0,0,0,0,0,0,0,0,0,0,0,0,0,0,0,0,0,0,0,0,0,0,0,0,0,0,0,0,0,0,0,0,0,0,0,0,0,0,0,0,0,0,0,0,0,0,0,0,0,0,0,0,0,0,0,0,0,0,0,0,0,0,0,0,0,0,0,0,0,0,0,0,0,0,0,0,0,0,0,0,0,0,0,0,0,0,0,0,0,0,0,0,0,0,0,0,0,0,0,0,0,0,0,0,0,0,0,0,0,0,0,0,0,0,0,0,0,0,0,0,0,0,0,0,0,0,0,0,0,0,0,0,0,0,0,0,0,0,0,0,0,0,0,0,0,0,0,0,0,0,0,0,0,0,0,0,0,0,0,0,0,0,0,0,0,0,0,0,0,0,0,0,0,0,0,0,0,0,0,0,0,0,0,0,0,0,0,0,0,0,0,0,0,0,0,0,0,0,0,0,0,0,0,0,0,0,0,0,0,0,0,0,0,0,0,0,0,0,0,0,0,0,0,0,0,0,0,0,0,0,0,0,0,0,0,0,0,0,0,0,0,0,0,0,0,0,0,0,0,0,0,0,0,0,0,0,0,0,0,0,0,0,0,0,0,0,0,0,0,0,0,0,0,0,0,0,0,0,0,0,0,0,0,0,0,0,0,0,0,0,0,0,0,0,0,0,0,0]

  # interpret
  for i in n.read():
    if i == "+":
      mem[y] += 1

    elif i == "-":
      mem[y] -= 1

    elif i == ">":
      y+=1

    elif i == "<":
      y-=1

    elif i == ".":
      print(str)

    elif i == ",":
      cool = input("")
      mem[y] = ord(cool)

    elif i == ";":
      str = str + chr(mem[y])

    elif i == "=":
      str = ""

    elif i == "^":
      mem[y] *= mem[y]

    elif i in nums:
      mem[y] *= int(i)
    
    else:
      pass

def main():
  if len(sys.argv) == 2:
    if sys.argv[1] == "-h":
      help = """
        Brain Detonation
       ------------------------------
        + || add to cell
        - || subtract from cell
        . || print string
        , || take input from user
        ; || add to string
        = || reset string
        ^ || multiply cell to the power of 2
      0-9 || multiply cell by number
      """

    else:
      with open("app.bf", "r") as f:
        inter(f)
      
  else:
    print("please supply arguments!!!")

if __name__ == "__main__":
  main()
